t  Nuclear norm  Electron norm  Total norm 
0.0 0.9999999999999917 0.9999999999999916 0.9999999999999917
0.0 0.9999996556026066 0.9999996556026068 0.9999996556026068
1.0 0.9999962659150962 0.999996265915096 0.9999962659150959
2.0 0.9999929726312711 0.9999929726312712 0.9999929726312711
3.0 0.9999897725619112 0.9999897725619115 0.9999897725619112
4.0 0.9999866626358896 0.9999866626358898 0.9999866626358896
5.0 0.999983639895362 0.9999836398953621 0.999983639895362
6.0 0.9999807014911672 0.9999807014911675 0.9999807014911677
7.0 0.9999778446784312 0.9999778446784313 0.9999778446784312
8.0 0.99997506681236 0.9999750668123597 0.9999750668123598
9.0 0.9999723653442195 0.9999723653442197 0.9999723653442197
10.0 0.999969737817491 0.999969737817491 0.999969737817491
11.0 0.9999671818641883 0.9999671818641886 0.9999671818641885
12.0 0.9999646952013417 0.9999646952013416 0.9999646952013417
13.0 0.9999622756276251 0.9999622756276253 0.9999622756276255
14.0 0.9999599210201373 0.9999599210201371 0.9999599210201373
15.0 0.9999576293313123 0.9999576293313123 0.9999576293313123
16.0 0.9999553985859687 0.9999553985859687 0.9999553985859687
17.0 0.9999532268784812 0.999953226878481 0.999953226878481
18.0 0.9999511123700722 0.9999511123700718 0.999951112370072
19.0 0.9999490532862199 0.9999490532862195 0.9999490532862194
20.0 0.9999470479141733 0.9999470479141733 0.9999470479141731
21.0 0.9999450946005756 0.9999450946005757 0.9999450946005756
22.0 0.9999431917491821 0.9999431917491821 0.9999431917491821
23.0 0.9999413378186778 0.9999413378186777 0.9999413378186773
24.0 0.9999395313205832 0.9999395313205831 0.9999395313205832
25.0 0.9999377708172497 0.9999377708172498 0.9999377708172499
26.0 0.999936054919936 0.9999360549199359 0.9999360549199358
27.0 0.9999343822869624 0.9999343822869624 0.9999343822869624
28.0 0.9999327516219465 0.9999327516219466 0.9999327516219467
29.0 0.9999311616721057 0.9999311616721059 0.9999311616721057
30.0 0.9999296112266314 0.9999296112266314 0.9999296112266316
31.0 0.9999280991151289 0.9999280991151288 0.9999280991151289
32.0 0.9999266242061222 0.9999266242061223 0.9999266242061224
33.0 0.9999251854056176 0.9999251854056173 0.9999251854056171
34.0 0.999923781655724 0.9999237816557243 0.9999237816557243
35.0 0.999922411933335 0.9999224119333348 0.9999224119333348
36.0 0.9999210752488533 0.9999210752488533 0.9999210752488533
37.0 0.9999197706449768 0.999919770644977 0.9999197706449768
38.0 0.9999184971955266 0.9999184971955267 0.9999184971955268
39.0 0.9999172540043229 0.9999172540043231 0.9999172540043231
40.0 0.9999160402041065 0.9999160402041065 0.9999160402041063
41.0 0.9999148549555007 0.999914854955501 0.9999148549555009
42.0 0.9999136974460183 0.9999136974460181 0.9999136974460183
43.0 0.9999125668890998 0.9999125668890999 0.9999125668890998
44.0 0.9999114625231993 0.9999114625231993 0.9999114625231991
45.0 0.9999103836108962 0.9999103836108963 0.9999103836108962
46.0 0.9999093294380487 0.9999093294380483 0.9999093294380487
47.0 0.9999082993129744 0.9999082993129744 0.9999082993129744
48.0 0.9999072925656682 0.9999072925656681 0.999907292565668
49.0 0.999906308547044 0.9999063085470441 0.9999063085470442
50.0 0.9999053466282118 0.9999053466282117 0.9999053466282118
51.0 0.9999044061997759 0.9999044061997758 0.9999044061997759
52.0 0.9999034866711657 0.9999034866711656 0.9999034866711655
53.0 0.9999025874699871 0.9999025874699871 0.9999025874699873
54.0 0.999901708041403 0.999901708041403 0.999901708041403
55.0 0.9999008478475319 0.999900847847532 0.9999008478475321
56.0 0.9999000063668737 0.9999000063668737 0.999900006366874
57.0 0.9998991830937547 0.9998991830937545 0.9998991830937543
58.0 0.9998983775377922 0.999898377537792 0.999898377537792
59.0 0.9998975892233825 0.9998975892233823 0.9998975892233822
60.0 0.9998968176892045 0.9998968176892046 0.9998968176892049
61.0 0.9998960624877439 0.999896062487744 0.9998960624877439
62.0 0.999895323184832 0.9998953231848322 0.9998953231848322
63.0 0.9998945993592058 0.9998945993592057 0.9998945993592058
64.0 0.9998938906020786 0.9998938906020786 0.9998938906020788
65.0 0.9998931965167328 0.999893196516733 0.9998931965167328
66.0 0.9998925167181214 0.9998925167181212 0.9998925167181214
67.0 0.9998918508324863 0.9998918508324864 0.9998918508324863
68.0 0.9998911984969934 0.999891198496993 0.9998911984969931
69.0 0.9998905593593733 0.9998905593593734 0.9998905593593733
70.0 0.9998899330775849 0.9998899330775849 0.9998899330775849
71.0 0.9998893193194804 0.9998893193194806 0.9998893193194804
72.0 0.9998887177624913 0.9998887177624916 0.9998887177624916
73.0 0.9998881280933196 0.9998881280933196 0.9998881280933194
74.0 0.9998875500076417 0.9998875500076416 0.9998875500076415
75.0 0.9998869832098243 0.9998869832098242 0.9998869832098243
76.0 0.9998864274126483 0.9998864274126482 0.9998864274126483
77.0 0.9998858823370423 0.9998858823370425 0.9998858823370426
78.0 0.9998853477118278 0.9998853477118281 0.9998853477118278
79.0 0.9998848232734693 0.9998848232734691 0.9998848232734691
80.0 0.999884308765836 0.999884308765836 0.999884308765836
81.0 0.9998838039399723 0.9998838039399724 0.9998838039399724
82.0 0.9998833085538739 0.9998833085538739 0.9998833085538739
83.0 0.9998828223722707 0.999882822372271 0.9998828223722711
84.0 0.9998823451664234 0.9998823451664234 0.9998823451664234
85.0 0.9998818767139178 0.9998818767139176 0.9998818767139176
86.0 0.9998814167984736 0.9998814167984735 0.9998814167984734
87.0 0.9998809652097567 0.9998809652097568 0.9998809652097567
88.0 0.9998805217431974 0.9998805217431973 0.9998805217431972
89.0 0.9998800861998156 0.9998800861998157 0.9998800861998158
90.0 0.9998796583860521 0.999879658386052 0.9998796583860521
91.0 0.9998792381136036 0.9998792381136038 0.9998792381136036
92.0 0.9998788251992673 0.9998788251992672 0.9998788251992673
93.0 0.9998784194647846 0.9998784194647845 0.9998784194647846
94.0 0.9998780207366962 0.9998780207366965 0.9998780207366964
95.0 0.9998776288461988 0.9998776288461986 0.9998776288461986
96.0 0.9998772436290039 0.9998772436290039 0.9998772436290041
97.0 0.9998768649252086 0.9998768649252087 0.9998768649252086
98.0 0.9998764925791631 0.9998764925791629 0.9998764925791631
99.0 0.9998761264393466 0.9998761264393465 0.9998761264393466
100.0 0.9998757663582462 0.9998757663582462 0.9998757663582462
101.0 0.9998754121922395 0.9998754121922395 0.9998754121922395
102.0 0.9998750638014821 0.999875063801482 0.9998750638014818
103.0 0.9998747210497956 0.9998747210497957 0.9998747210497956
104.0 0.999874383804565 0.999874383804565 0.9998743838045647
105.0 0.9998740519366321 0.999874051936632 0.9998740519366321
106.0 0.9998737253201985 0.9998737253201987 0.9998737253201987
107.0 0.9998734038327284 0.9998734038327284 0.9998734038327284
108.0 0.9998730873548541 0.9998730873548547 0.9998730873548544
109.0 0.9998727757702883 0.9998727757702887 0.9998727757702883
110.0 0.9998724689657335 0.9998724689657332 0.9998724689657335
111.0 0.9998721668307988 0.9998721668307986 0.9998721668307986
112.0 0.9998718692579179 0.9998718692579176 0.9998718692579179
113.0 0.9998715761422682 0.9998715761422683 0.9998715761422682
114.0 0.9998712873816954 0.9998712873816953 0.9998712873816952
115.0 0.9998710028766374 0.9998710028766373 0.9998710028766374
116.0 0.9998707225300519 0.9998707225300518 0.9998707225300518
117.0 0.9998704462473469 0.9998704462473468 0.9998704462473469
118.0 0.9998701739363117 0.9998701739363117 0.9998701739363117
119.0 0.9998699055070521 0.9998699055070519 0.9998699055070521
120.0 0.9998696408719249 0.9998696408719248 0.9998696408719249
121.0 0.9998693799454775 0.9998693799454772 0.9998693799454771
122.0 0.9998691226443857 0.9998691226443855 0.9998691226443854
123.0 0.9998688688873973 0.9998688688873973 0.9998688688873976
124.0 0.999868618595275 0.9998686185952753 0.9998686185952752
125.0 0.9998683716907413 0.9998683716907412 0.999868371690741
126.0 0.9998681280984237 0.9998681280984236 0.9998681280984237
127.0 0.9998678877448057 0.9998678877448057 0.999867887744806
128.0 0.9998676505581755 0.9998676505581758 0.9998676505581757
129.0 0.9998674164685777 0.9998674164685775 0.9998674164685777
130.0 0.9998671854077634 0.9998671854077638 0.9998671854077634
131.0 0.9998669573091502 0.9998669573091501 0.9998669573091502
132.0 0.9998667321077715 0.9998667321077715 0.9998667321077713
133.0 0.9998665097402373 0.999866509740237 0.9998665097402373
134.0 0.9998662901446904 0.9998662901446903 0.9998662901446902
135.0 0.9998660732607672 0.9998660732607672 0.9998660732607674
136.0 0.999865859029557 0.9998658590295568 0.9998658590295568
137.0 0.9998656473935637 0.9998656473935639 0.9998656473935639
138.0 0.9998654382966699 0.9998654382966701 0.9998654382966699
139.0 0.9998652316840985 0.9998652316840985 0.9998652316840987
140.0 0.9998650275023795 0.9998650275023797 0.9998650275023799
141.0 0.9998648256993157 0.9998648256993159 0.9998648256993159
142.0 0.9998646262239478 0.9998646262239478 0.9998646262239478
143.0 0.9998644290265244 0.9998644290265245 0.9998644290265244
144.0 0.9998642340584688 0.9998642340584691 0.9998642340584692
145.0 0.9998640412723513 0.9998640412723514 0.9998640412723515
146.0 0.9998638506218562 0.9998638506218563 0.9998638506218562
147.0 0.9998636620617554 0.9998636620617554 0.9998636620617554
148.0 0.9998634755478799 0.9998634755478798 0.9998634755478799
149.0 0.9998632910370928 0.9998632910370926 0.9998632910370928
150.0 0.9998631084872627 0.9998631084872626 0.9998631084872625
151.0 0.9998629278572378 0.999862927857238 0.999862927857238
152.0 0.9998627491068228 0.9998627491068226 0.9998627491068226
153.0 0.9998625721967511 0.9998625721967513 0.9998625721967513
154.0 0.9998623970886659 0.9998623970886658 0.9998623970886659
155.0 0.9998622237450928 0.9998622237450926 0.9998622237450926
156.0 0.9998620521294198 0.9998620521294199 0.9998620521294198
157.0 0.9998618822058769 0.9998618822058769 0.9998618822058769
158.0 0.9998617139395122 0.9998617139395121 0.999861713939512
159.0 0.9998615472961726 0.9998615472961725 0.9998615472961726
160.0 0.999861382242485 0.9998613822424849 0.9998613822424848
161.0 0.9998612187458352 0.9998612187458351 0.9998612187458352
162.0 0.9998610567743496 0.9998610567743497 0.9998610567743498
163.0 0.999860896296878 0.999860896296878 0.999860896296878
164.0 0.9998607372829742 0.9998607372829739 0.999860737282974
165.0 0.9998605797028778 0.9998605797028777 0.999860579702878
166.0 0.9998604235275016 0.999860423527501 0.9998604235275012
167.0 0.9998602687284089 0.9998602687284088 0.9998602687284092
168.0 0.9998601152778038 0.9998601152778037 0.9998601152778036
169.0 0.9998599631485106 0.9998599631485104 0.9998599631485103
170.0 0.9998598123139613 0.999859812313961 0.999859812313961
171.0 0.9998596627481798 0.9998596627481797 0.9998596627481794
172.0 0.9998595144257679 0.9998595144257683 0.9998595144257679
173.0 0.9998593673218928 0.9998593673218926 0.9998593673218926
174.0 0.9998592214122688 0.999859221412269 0.9998592214122692
175.0 0.9998590766731502 0.9998590766731503 0.9998590766731504
176.0 0.9998589330813136 0.9998589330813138 0.9998589330813138
177.0 0.9998587906140476 0.9998587906140473 0.9998587906140474
178.0 0.9998586492491389 0.999858649249139 0.9998586492491389
179.0 0.9998585089648634 0.9998585089648633 0.9998585089648634
180.0 0.9998583697399711 0.9998583697399709 0.9998583697399709
181.0 0.9998582315536759 0.9998582315536761 0.9998582315536759
182.0 0.9998580943856469 0.9998580943856468 0.9998580943856469
183.0 0.9998579582159935 0.9998579582159932 0.9998579582159931
184.0 0.9998578230252579 0.9998578230252577 0.9998578230252577
185.0 0.9998576887944038 0.9998576887944041 0.9998576887944041
186.0 0.999857555504808 0.999857555504808 0.999857555504808
187.0 0.9998574231382477 0.9998574231382479 0.9998574231382479
188.0 0.9998572916768934 0.999857291676894 0.9998572916768939
189.0 0.9998571611033003 0.9998571611033001 0.9998571611033
190.0 0.9998570314003951 0.9998570314003952 0.9998570314003951
191.0 0.9998569025514729 0.999856902551473 0.9998569025514733
192.0 0.9998567745401855 0.9998567745401857 0.9998567745401857
193.0 0.9998566473505335 0.9998566473505333 0.9998566473505333
194.0 0.9998565209668574 0.9998565209668573 0.9998565209668568
195.0 0.9998563953738311 0.9998563953738313 0.9998563953738313
196.0 0.9998562705564551 0.999856270556455 0.9998562705564551
197.0 0.9998561465000455 0.9998561465000457 0.9998561465000457
198.0 0.9998560231902307 0.9998560231902305 0.9998560231902307
199.0 0.9998559006129405 0.9998559006129406 0.9998559006129405
200.0 0.9998557787544021 0.9998557787544025 0.9998557787544026
201.0 0.9998556576011327 0.9998556576011327 0.9998556576011327
202.0 0.9998555371399311 0.9998555371399311 0.9998555371399309
203.0 0.9998554173578736 0.9998554173578734 0.9998554173578734
204.0 0.9998552982423055 0.9998552982423057 0.9998552982423055
205.0 0.9998551797808376 0.9998551797808375 0.9998551797808376
206.0 0.9998550619613376 0.9998550619613373 0.9998550619613373
207.0 0.9998549447719256 0.9998549447719255 0.9998549447719254
208.0 0.9998548282009682 0.9998548282009682 0.9998548282009682
209.0 0.9998547122370732 0.999854712237073 0.9998547122370732
210.0 0.9998545968690835 0.9998545968690835 0.9998545968690835
211.0 0.9998544820860725 0.9998544820860724 0.9998544820860725
212.0 0.9998543678773381 0.9998543678773382 0.9998543678773383
213.0 0.9998542542323993 0.9998542542323989 0.999854254232399
214.0 0.9998541411409883 0.9998541411409883 0.999854141140988
215.0 0.9998540285930491 0.9998540285930491 0.9998540285930491
216.0 0.999853916578731 0.9998539165787311 0.9998539165787308
217.0 0.9998538050883841 0.9998538050883842 0.9998538050883841
218.0 0.999853694112555 0.9998536941125549 0.9998536941125548
219.0 0.9998535836419824 0.9998535836419823 0.9998535836419826
220.0 0.9998534736675931 0.9998534736675933 0.9998534736675934
221.0 0.9998533641804979 0.9998533641804981 0.9998533641804979
222.0 0.9998532551719871 0.9998532551719871 0.9998532551719871
223.0 0.9998531466335265 0.9998531466335268 0.9998531466335265
224.0 0.9998530385567544 0.9998530385567544 0.9998530385567542
225.0 0.9998529309334765 0.9998529309334765 0.9998529309334765
226.0 0.9998528237556639 0.9998528237556638 0.9998528237556639
227.0 0.9998527170154473 0.9998527170154475 0.9998527170154475
228.0 0.9998526107051166 0.9998526107051166 0.9998526107051166
229.0 0.9998525048171137 0.999852504817114 0.9998525048171137
230.0 0.9998523993440327 0.9998523993440327 0.9998523993440327
231.0 0.9998522942786137 0.9998522942786134 0.9998522942786134
232.0 0.9998521896137412 0.9998521896137413 0.9998521896137412
233.0 0.9998520853424419 0.9998520853424419 0.9998520853424419
234.0 0.999851981457879 0.9998519814578789 0.999851981457879
235.0 0.9998518779533516 0.9998518779533514 0.9998518779533514
236.0 0.9998517748222897 0.9998517748222899 0.9998517748222899
237.0 0.9998516720582545 0.9998516720582548 0.9998516720582545
238.0 0.9998515696549325 0.9998515696549324 0.9998515696549323
239.0 0.9998514676061332 0.9998514676061334 0.9998514676061334
240.0 0.9998513659057886 0.9998513659057887 0.9998513659057888
241.0 0.9998512645479491 0.9998512645479491 0.9998512645479489
242.0 0.9998511635267802 0.99985116352678 0.9998511635267802
243.0 0.9998510628365613 0.9998510628365613 0.9998510628365613
244.0 0.9998509624716837 0.9998509624716836 0.9998509624716836
245.0 0.9998508624266461 0.9998508624266464 0.9998508624266466
246.0 0.9998507626960558 0.9998507626960556 0.9998507626960558
247.0 0.9998506632746216 0.9998506632746217 0.9998506632746216
248.0 0.9998505641571566 0.9998505641571567 0.9998505641571566
249.0 0.9998504653385728 0.9998504653385725 0.9998504653385726
250.0 0.9998503668138793 0.9998503668138795 0.9998503668138795
251.0 0.999850268578183 0.9998502685781828 0.9998502685781828
252.0 0.999850170626682 0.999850170626682 0.999850170626682
253.0 0.9998500729546682 0.9998500729546682 0.9998500729546682
254.0 0.9998499755575223 0.9998499755575223 0.9998499755575225
255.0 0.9998498784307137 0.9998498784307136 0.9998498784307133
256.0 0.9998497815697968 0.9998497815697965 0.9998497815697963
257.0 0.9998496849704109 0.9998496849704108 0.9998496849704109
258.0 0.9998495886282789 0.9998495886282788 0.9998495886282789
259.0 0.9998494925392027 0.9998494925392029 0.999849492539203
260.0 0.9998493966990654 0.9998493966990651 0.9998493966990653
261.0 0.9998493011038257 0.9998493011038256 0.9998493011038257
262.0 0.9998492057495202 0.9998492057495201 0.99984920574952
263.0 0.9998491106322585 0.9998491106322583 0.999849110632258
264.0 0.9998490157482236 0.9998490157482234 0.9998490157482234
265.0 0.9998489210936697 0.9998489210936699 0.99984892109367
266.0 0.9998488266649216 0.9998488266649218 0.9998488266649218
267.0 0.999848732458372 0.9998487324583722 0.999848732458372
268.0 0.9998486384704807 0.9998486384704808 0.9998486384704809
269.0 0.9998485446977735 0.9998485446977734 0.9998485446977735
270.0 0.9998484511368397 0.9998484511368398 0.99984845113684
271.0 0.9998483577843335 0.9998483577843336 0.9998483577843337
272.0 0.9998482646369695 0.9998482646369691 0.9998482646369693
273.0 0.9998481716915223 0.9998481716915223 0.9998481716915223
274.0 0.9998480789448275 0.999848078944828 0.9998480789448277
275.0 0.9998479863937789 0.9998479863937786 0.9998479863937785
276.0 0.9998478940353246 0.9998478940353243 0.9998478940353246
277.0 0.9998478018664709 0.999847801866471 0.9998478018664712
278.0 0.999847709884279 0.9998477098842791 0.999847709884279
279.0 0.9998476180858624 0.9998476180858623 0.999847618085862
280.0 0.9998475264683875 0.9998475264683873 0.9998475264683873
281.0 0.999847435029072 0.999847435029072 0.999847435029072
282.0 0.9998473437651851 0.9998473437651851 0.9998473437651851
283.0 0.9998472526740441 0.9998472526740442 0.9998472526740441
284.0 0.9998471617530156 0.9998471617530156 0.9998471617530156
285.0 0.9998470709995133 0.9998470709995133 0.9998470709995131
286.0 0.9998469804109976 0.9998469804109974 0.9998469804109974
287.0 0.9998468899849743 0.9998468899849742 0.9998468899849741
288.0 0.999846799718994 0.9998467997189942 0.999846799718994
289.0 0.9998467096106519 0.9998467096106519 0.9998467096106521
290.0 0.999846619657585 0.9998466196575849 0.9998466196575848
291.0 0.9998465298574731 0.9998465298574729 0.9998465298574727
292.0 0.9998464402080369 0.9998464402080367 0.9998464402080367
293.0 0.9998463507070379 0.999846350707038 0.9998463507070379
294.0 0.9998462613522775 0.9998462613522775 0.9998462613522775
295.0 0.999846172141596 0.9998461721415955 0.9998461721415958
296.0 0.9998460830728706 0.9998460830728705 0.9998460830728706
297.0 0.9998459941440176 0.9998459941440176 0.9998459941440176
298.0 0.9998459053529893 0.9998459053529895 0.9998459053529893
299.0 0.9998458166977744 0.9998458166977743 0.9998458166977742
300.0 0.9998457281763954 0.9998457281763955 0.9998457281763956
301.0 0.9998456397869112 0.9998456397869115 0.9998456397869117
302.0 0.9998455515274143 0.9998455515274141 0.9998455515274143
303.0 0.9998454633960292 0.9998454633960291 0.999845463396029
304.0 0.9998453753909139 0.999845375390914 0.9998453753909141
305.0 0.9998452875102588 0.9998452875102588 0.9998452875102593
306.0 0.9998451997522856 0.9998451997522853 0.9998451997522849
307.0 0.9998451121152451 0.9998451121152452 0.9998451121152453
308.0 0.9998450245974213 0.999845024597421 0.9998450245974211
309.0 0.9998449371971243 0.9998449371971246 0.9998449371971248
310.0 0.999844849912697 0.9998448499126972 0.9998448499126972
311.0 0.9998447627425081 0.9998447627425079 0.9998447627425079
312.0 0.9998446756849544 0.9998446756849543 0.9998446756849542
313.0 0.999844588738461 0.9998445887384614 0.9998445887384615
314.0 0.9998445019014808 0.9998445019014807 0.9998445019014808
315.0 0.9998444151724907 0.9998444151724907 0.9998444151724907
316.0 0.999844328549995 0.9998443285499949 0.999844328549995
317.0 0.9998442420325238 0.9998442420325233 0.9998442420325233
318.0 0.9998441556186303 0.99984415561863 0.99984415561863
319.0 0.9998440693068938 0.9998440693068938 0.9998440693068938
320.0 0.9998439830959174 0.9998439830959175 0.9998439830959174
321.0 0.9998438969843274 0.9998438969843275 0.9998438969843276
322.0 0.9998438109707731 0.9998438109707732 0.9998438109707734
323.0 0.9998437250539268 0.9998437250539267 0.9998437250539268
324.0 0.9998436392324823 0.9998436392324824 0.9998436392324823
325.0 0.9998435535051563 0.9998435535051564 0.9998435535051565
326.0 0.9998434678706866 0.9998434678706863 0.9998434678706866
327.0 0.999843382327831 0.999843382327831 0.999843382327831
328.0 0.9998432968753697 0.9998432968753697 0.9998432968753697
329.0 0.9998432115121016 0.9998432115121018 0.9998432115121019
330.0 0.9998431262368466 0.9998431262368465 0.9998431262368466
331.0 0.9998430410484431 0.9998430410484431 0.9998430410484431
332.0 0.9998429559457493 0.9998429559457496 0.9998429559457496
333.0 0.9998428709276427 0.9998428709276427 0.9998428709276427
334.0 0.9998427859930178 0.9998427859930179 0.999842785993018
335.0 0.9998427011407884 0.9998427011407885 0.9998427011407887
336.0 0.9998426163698858 0.9998426163698857 0.999842616369886
337.0 0.9998425316792584 0.9998425316792586 0.9998425316792586
338.0 0.9998424470678722 0.9998424470678725 0.9998424470678723
339.0 0.99984236253471 0.99984236253471 0.9998423625347098
340.0 0.9998422780787708 0.9998422780787707 0.9998422780787706
341.0 0.9998421936990697 0.9998421936990698 0.9998421936990697
342.0 0.9998421093946384 0.9998421093946385 0.9998421093946384
343.0 0.9998420251645236 0.9998420251645237 0.9998420251645236
344.0 0.9998419410077878 0.9998419410077879 0.9998419410077878
345.0 0.9998418569235087 0.9998418569235085 0.9998418569235087
346.0 0.9998417729107776 0.9998417729107777 0.9998417729107776
347.0 0.9998416889687017 0.9998416889687017 0.9998416889687017
348.0 0.9998416050964021 0.9998416050964021 0.9998416050964019
349.0 0.9998415212930137 0.9998415212930136 0.9998415212930137
350.0 0.9998414375576851 0.9998414375576853 0.9998414375576851
351.0 0.9998413538895788 0.999841353889579 0.9998413538895793
352.0 0.9998412702878707 0.9998412702878707 0.9998412702878708
353.0 0.9998411867517488 0.999841186751749 0.9998411867517488
354.0 0.9998411032804151 0.9998411032804153 0.9998411032804155
355.0 0.9998410198730837 0.9998410198730835 0.9998410198730835
356.0 0.9998409365289801 0.9998409365289804 0.9998409365289803
357.0 0.9998408532473442 0.9998408532473438 0.9998408532473437
358.0 0.9998407700274249 0.999840770027425 0.9998407700274251
359.0 0.9998406868684858 0.9998406868684857 0.9998406868684858
360.0 0.9998406037697997 0.9998406037697997 0.9998406037697997
361.0 0.9998405207306522 0.9998405207306521 0.999840520730652
362.0 0.9998404377503388 0.9998404377503388 0.9998404377503388
363.0 0.9998403548281671 0.9998403548281671 0.9998403548281671
364.0 0.9998402719634552 0.9998402719634548 0.9998402719634549
365.0 0.9998401891555301 0.9998401891555301 0.9998401891555299
366.0 0.9998401064037316 0.9998401064037316 0.9998401064037316
367.0 0.9998400237074081 0.9998400237074079 0.9998400237074081
368.0 0.9998399410659181 0.9998399410659184 0.9998399410659186
369.0 0.9998398584786315 0.9998398584786317 0.9998398584786315
370.0 0.9998397759449252 0.9998397759449253 0.9998397759449253
371.0 0.9998396934641879 0.999839693464188 0.9998396934641881
372.0 0.9998396110358159 0.9998396110358162 0.9998396110358163
373.0 0.9998395286592167 0.9998395286592167 0.9998395286592164
374.0 0.9998394463338043 0.9998394463338043 0.9998394463338045
375.0 0.9998393640590035 0.9998393640590036 0.9998393640590038
376.0 0.9998392818342473 0.9998392818342472 0.9998392818342471
377.0 0.9998391996589763 0.9998391996589763 0.9998391996589763
378.0 0.9998391175326413 0.9998391175326412 0.9998391175326411
379.0 0.9998390354546992 0.9998390354546994 0.9998390354546994
380.0 0.9998389534246174 0.9998389534246173 0.9998389534246174
381.0 0.9998388714418692 0.9998388714418689 0.9998388714418689
382.0 0.9998387895059364 0.9998387895059365 0.9998387895059364
383.0 0.9998387076163097 0.9998387076163096 0.9998387076163097
384.0 0.9998386257724854 0.9998386257724856 0.9998386257724855
385.0 0.999838543973969 0.9998385439739688 0.999838543973969
386.0 0.9998384622202721 0.9998384622202721 0.9998384622202721
387.0 0.9998383805109137 0.9998383805109139 0.9998383805109137
388.0 0.999838298845421 0.9998382988454209 0.9998382988454207
389.0 0.9998382172233264 0.9998382172233264 0.9998382172233264
390.0 0.9998381356441709 0.9998381356441707 0.9998381356441709
391.0 0.9998380541075006 0.9998380541075006 0.9998380541075006
392.0 0.9998379726128698 0.9998379726128699 0.9998379726128698
393.0 0.9998378911598379 0.999837891159838 0.9998378911598379
394.0 0.9998378097479719 0.9998378097479719 0.9998378097479719
395.0 0.9998377283768438 0.9998377283768439 0.9998377283768438
396.0 0.9998376470460334 0.9998376470460333 0.9998376470460332
397.0 0.9998375657551248 0.9998375657551248 0.9998375657551246
398.0 0.9998374845037097 0.9998374845037097 0.9998374845037097
399.0 0.9998374032913847 0.9998374032913847 0.9998374032913845
400.0 0.9998373221177526 0.9998373221177524 0.9998373221177523
401.0 0.9998372409824214 0.9998372409824218 0.9998372409824215
402.0 0.9998371598850063 0.9998371598850059 0.9998371598850059
403.0 0.999837078825125 0.999837078825125 0.999837078825125
404.0 0.9998369978024039 0.9998369978024038 0.9998369978024039
405.0 0.9998369168164725 0.9998369168164722 0.9998369168164722
406.0 0.9998368358669666 0.9998368358669665 0.9998368358669664
407.0 0.9998367549535262 0.9998367549535265 0.9998367549535264
408.0 0.9998366740757982 0.9998366740757983 0.9998366740757985
409.0 0.9998365932334331 0.9998365932334328 0.9998365932334329
410.0 0.9998365124260857 0.9998365124260857 0.9998365124260857
411.0 0.9998364316534172 0.9998364316534173 0.9998364316534172
412.0 0.9998363509150925 0.9998363509150926 0.9998363509150925
413.0 0.9998362702107821 0.999836270210782 0.9998362702107821
414.0 0.9998361895401603 0.9998361895401598 0.9998361895401597
415.0 0.9998361089029056 0.9998361089029053 0.9998361089029052
416.0 0.999836028298702 0.9998360282987019 0.9998360282987018
417.0 0.9998359477272376 0.9998359477272375 0.9998359477272374
418.0 0.9998358671882044 0.9998358671882042 0.9998358671882044
419.0 0.9998357866812988 0.9998357866812988 0.9998357866812988
420.0 0.9998357062062218 0.9998357062062218 0.999835706206222
421.0 0.999835625762678 0.9998356257626778 0.999835625762678
422.0 0.999835545350376 0.999835545350376 0.999835545350376
423.0 0.9998354649690291 0.9998354649690291 0.9998354649690293
424.0 0.9998353846183539 0.9998353846183539 0.9998353846183539
425.0 0.9998353042980708 0.999835304298071 0.9998353042980708
426.0 0.9998352240079041 0.9998352240079045 0.9998352240079046
427.0 0.9998351437475829 0.9998351437475829 0.9998351437475831
428.0 0.9998350635168382 0.9998350635168382 0.9998350635168382
429.0 0.9998349833154053 0.9998349833154054 0.9998349833154057
430.0 0.9998349031430241 0.9998349031430239 0.9998349031430237
431.0 0.9998348229994362 0.999834822999436 0.9998348229994359
432.0 0.9998347428843881 0.999834742884388 0.9998347428843879
433.0 0.9998346627976291 0.999834662797629 0.9998346627976291
434.0 0.9998345827389123 0.9998345827389121 0.9998345827389121
435.0 0.9998345027079932 0.9998345027079931 0.999834502707993
436.0 0.9998344227046313 0.9998344227046314 0.9998344227046313
437.0 0.9998343427285897 0.9998343427285896 0.9998343427285895
438.0 0.9998342627796332 0.9998342627796333 0.9998342627796332
439.0 0.9998341828575312 0.9998341828575311 0.999834182857531
440.0 0.9998341029620552 0.999834102962055 0.999834102962055
441.0 0.9998340230929798 0.9998340230929799 0.9998340230929798
442.0 0.9998339432500833 0.9998339432500833 0.9998339432500836
443.0 0.9998338634331465 0.9998338634331464 0.9998338634331463
444.0 0.9998337836419529 0.9998337836419524 0.9998337836419522
445.0 0.9998337038762877 0.9998337038762877 0.9998337038762877
446.0 0.9998336241359417 0.9998336241359417 0.9998336241359417
447.0 0.999833544420706 0.9998335444207063 0.999833544420706
448.0 0.9998334647303758 0.9998334647303757 0.9998334647303758
449.0 0.9998333850647482 0.9998333850647481 0.9998333850647477
450.0 0.9998333054236225 0.9998333054236224 0.9998333054236225
451.0 0.9998332258068016 0.9998332258068018 0.9998332258068018
452.0 0.9998331462140914 0.999833146214091 0.9998331462140911
453.0 0.9998330666452979 0.9998330666452979 0.9998330666452979
454.0 0.9998329871002322 0.9998329871002323 0.9998329871002322
455.0 0.9998329075787066 0.9998329075787066 0.9998329075787068
456.0 0.9998328280805355 0.9998328280805358 0.9998328280805358
457.0 0.9998327486055366 0.9998327486055367 0.9998327486055368
458.0 0.9998326691535294 0.9998326691535292 0.999832669153529
459.0 0.9998325897243351 0.9998325897243352 0.9998325897243351
460.0 0.9998325103177786 0.9998325103177785 0.9998325103177786
461.0 0.9998324309336856 0.9998324309336857 0.9998324309336853
462.0 0.9998323515718848 0.9998323515718848 0.9998323515718848
463.0 0.9998322722322067 0.9998322722322067 0.9998322722322069
464.0 0.9998321929144842 0.9998321929144843 0.9998321929144846
465.0 0.9998321136185524 0.9998321136185523 0.9998321136185522
466.0 0.9998320343442477 0.9998320343442477 0.9998320343442479
467.0 0.9998319550914094 0.9998319550914094 0.9998319550914092
468.0 0.9998318758598784 0.9998318758598784 0.9998318758598782
469.0 0.9998317966494975 0.9998317966494975 0.9998317966494975
470.0 0.999831717460112 0.9998317174601118 0.9998317174601118
471.0 0.9998316382915683 0.999831638291568 0.9998316382915678
472.0 0.9998315591437148 0.9998315591437148 0.9998315591437146
473.0 0.9998314800164025 0.9998314800164025 0.9998314800164025
474.0 0.999831400909484 0.9998314009094839 0.9998314009094837
475.0 0.9998313218228131 0.999831321822813 0.9998313218228131
476.0 0.9998312427562458 0.9998312427562457 0.9998312427562458
477.0 0.9998311637096398 0.99983116370964 0.99983116370964
478.0 0.9998310846828553 0.9998310846828551 0.9998310846828551
479.0 0.9998310056757523 0.9998310056757522 0.9998310056757521
480.0 0.9998309266881945 0.9998309266881943 0.9998309266881947
481.0 0.9998308477200459 0.9998308477200459 0.9998308477200462
482.0 0.9998307687711729 0.9998307687711732 0.9998307687711734
483.0 0.9998306898414439 0.9998306898414437 0.9998306898414439
484.0 0.9998306109307276 0.9998306109307273 0.9998306109307271
485.0 0.9998305320388942 0.9998305320388944 0.9998305320388944
486.0 0.999830453165818 0.9998304531658178 0.9998304531658175
487.0 0.9998303743113711 0.9998303743113713 0.999830374311371
488.0 0.9998302954754303 0.9998302954754303 0.9998302954754306
489.0 0.999830216657872 0.9998302166578723 0.9998302166578722
490.0 0.999830137858575 0.999830137858575 0.9998301378585752
491.0 0.999830059077419 0.9998300590774191 0.9998300590774192
492.0 0.9998299803142854 0.9998299803142852 0.9998299803142852
493.0 0.9998299015690565 0.9998299015690566 0.9998299015690564
494.0 0.9998298228416168 0.9998298228416168 0.9998298228416168
495.0 0.9998297441318515 0.9998297441318518 0.9998297441318515
496.0 0.9998296654396478 0.9998296654396481 0.999829665439648
497.0 0.9998295867648934 0.9998295867648936 0.9998295867648936
498.0 0.9998295081074784 0.9998295081074783 0.9998295081074784
499.0 0.9998294294672924 0.9998294294672924 0.9998294294672926
500.0 0.999829350844228 0.9998293508442283 0.999829350844228
501.0 0.9998292722381787 0.9998292722381786 0.9998292722381785
502.0 0.9998291936490384 0.9998291936490387 0.9998291936490387
503.0 0.9998291150767032 0.9998291150767034 0.9998291150767035
504.0 0.9998290365210702 0.99982903652107 0.99982903652107
505.0 0.9998289579820366 0.9998289579820365 0.9998289579820366
506.0 0.9998288794595024 0.9998288794595024 0.9998288794595022
507.0 0.9998288009533677 0.9998288009533677 0.9998288009533677
508.0 0.9998287224635342 0.9998287224635342 0.9998287224635342
509.0 0.9998286439899047 0.9998286439899046 0.9998286439899045
510.0 0.9998285655323822 0.9998285655323822 0.9998285655323822
511.0 0.9998284870908727 0.9998284870908725 0.9998284870908725
512.0 0.9998284086652811 0.9998284086652811 0.9998284086652811
513.0 0.9998283302555152 0.9998283302555151 0.9998283302555152
514.0 0.9998282518614824 0.9998282518614824 0.9998282518614824
515.0 0.9998281734830923 0.9998281734830925 0.9998281734830923
516.0 0.9998280951202548 0.999828095120255 0.9998280951202551
517.0 0.9998280167728814 0.9998280167728812 0.9998280167728812
518.0 0.999827938440883 0.9998279384408834 0.9998279384408832
519.0 0.9998278601241744 0.9998278601241742 0.9998278601241744
520.0 0.9998277818226683 0.9998277818226684 0.9998277818226685
521.0 0.9998277035362806 0.9998277035362806 0.9998277035362804
522.0 0.9998276252649266 0.9998276252649267 0.9998276252649266
523.0 0.9998275470085236 0.9998275470085237 0.9998275470085236
524.0 0.9998274687669895 0.9998274687669895 0.9998274687669895
525.0 0.9998273905402425 0.9998273905402425 0.9998273905402425
526.0 0.9998273123282027 0.9998273123282027 0.9998273123282028
527.0 0.9998272341307903 0.9998272341307903 0.9998272341307901
528.0 0.999827155947927 0.9998271559479269 0.9998271559479268
529.0 0.9998270777795345 0.9998270777795346 0.9998270777795345
530.0 0.9998269996255365 0.9998269996255365 0.9998269996255365
531.0 0.9998269214858564 0.9998269214858564 0.9998269214858564
532.0 0.9998268433604189 0.9998268433604192 0.9998268433604189
533.0 0.9998267652491503 0.9998267652491503 0.9998267652491505
534.0 0.9998266871519763 0.9998266871519762 0.9998266871519761
535.0 0.9998266090688239 0.9998266090688239 0.9998266090688241
536.0 0.9998265309996217 0.9998265309996217 0.9998265309996219
537.0 0.999826452944298 0.9998264529442982 0.999826452944298
538.0 0.9998263749027821 0.9998263749027823 0.9998263749027821
539.0 0.9998262968750046 0.9998262968750047 0.9998262968750046
540.0 0.9998262188608966 0.9998262188608964 0.9998262188608962
541.0 0.9998261408603892 0.999826140860389 0.9998261408603892
542.0 0.9998260628734152 0.999826062873415 0.9998260628734152
543.0 0.9998259848999079 0.9998259848999078 0.9998259848999079
544.0 0.9998259069398009 0.9998259069398009 0.9998259069398011
545.0 0.9998258289930291 0.9998258289930291 0.9998258289930291
546.0 0.9998257510595269 0.9998257510595273 0.9998257510595273
547.0 0.9998256731392315 0.9998256731392318 0.9998256731392318
548.0 0.9998255952320788 0.999825595232079 0.999825595232079
549.0 0.9998255173380061 0.9998255173380062 0.9998255173380062
550.0 0.9998254394569515 0.9998254394569517 0.9998254394569517
551.0 0.9998253615888536 0.9998253615888535 0.9998253615888534
552.0 0.9998252837336512 0.999825283733651 0.999825283733651
553.0 0.9998252058912845 0.9998252058912844 0.9998252058912844
554.0 0.9998251280616937 0.9998251280616939 0.9998251280616937
555.0 0.9998250502448206 0.9998250502448205 0.9998250502448206
556.0 0.9998249724406061 0.999824972440606 0.9998249724406061
557.0 0.9998248946489927 0.9998248946489928 0.9998248946489929
558.0 0.9998248168699235 0.9998248168699236 0.9998248168699237
559.0 0.9998247391033421 0.999824739103342 0.9998247391033421
560.0 0.9998246613491919 0.999824661349192 0.9998246613491919
561.0 0.9998245836074181 0.9998245836074184 0.9998245836074183
562.0 0.999824505877966 0.9998245058779661 0.999824505877966
563.0 0.999824428160781 0.9998244281607811 0.9998244281607812
564.0 0.9998243504558099 0.9998243504558098 0.9998243504558096
565.0 0.9998242727629985 0.9998242727629985 0.9998242727629985
566.0 0.9998241950822953 0.999824195082295 0.9998241950822953
567.0 0.9998241174136474 0.9998241174136474 0.9998241174136476
568.0 0.9998240397570041 0.9998240397570038 0.9998240397570038
569.0 0.9998239621123136 0.9998239621123135 0.9998239621123134
570.0 0.9998238844795253 0.9998238844795255 0.9998238844795257
571.0 0.9998238068585901 0.9998238068585903 0.9998238068585901
572.0 0.9998237292494575 0.9998237292494576 0.9998237292494577
573.0 0.9998236516520794 0.9998236516520793 0.9998236516520794
574.0 0.9998235740664063 0.9998235740664063 0.9998235740664063
575.0 0.9998234964923908 0.9998234964923907 0.9998234964923908
576.0 0.999823418929985 0.999823418929985 0.999823418929985
577.0 0.9998233413791423 0.9998233413791418 0.9998233413791421
578.0 0.999823263839815 0.9998232638398148 0.9998232638398148
579.0 0.9998231863119578 0.9998231863119577 0.9998231863119578
580.0 0.9998231087955246 0.9998231087955247 0.9998231087955248
581.0 0.9998230312904703 0.9998230312904702 0.9998230312904705
582.0 0.9998229537967502 0.9998229537967501 0.9998229537967502
583.0 0.9998228763143195 0.9998228763143195 0.9998228763143195
584.0 0.9998227988431346 0.9998227988431346 0.9998227988431346
585.0 0.9998227213831518 0.9998227213831518 0.9998227213831518
586.0 0.9998226439343278 0.9998226439343277 0.9998226439343276
587.0 0.9998225664966199 0.9998225664966199 0.9998225664966199
588.0 0.9998224890699865 0.9998224890699864 0.9998224890699863
589.0 0.9998224116543849 0.9998224116543848 0.9998224116543847
590.0 0.9998223342497735 0.9998223342497737 0.9998223342497737
591.0 0.9998222568561121 0.9998222568561121 0.9998222568561119
592.0 0.9998221794733596 0.9998221794733594 0.9998221794733594
593.0 0.9998221021014752 0.9998221021014753 0.9998221021014752
594.0 0.9998220247404197 0.9998220247404199 0.9998220247404197
595.0 0.9998219473901532 0.9998219473901532 0.9998219473901532
596.0 0.9998218700506366 0.9998218700506366 0.9998218700506368
597.0 0.9998217927218312 0.9998217927218312 0.9998217927218312
598.0 0.9998217154036986 0.9998217154036986 0.9998217154036986
599.0 0.9998216380962006 0.9998216380962006 0.9998216380962006
600.0 0.9998215607992995 0.9998215607992995 0.9998215607992995
601.0 0.9998214835129582 0.9998214835129581 0.9998214835129582
602.0 0.9998214062371393 0.9998214062371393 0.9998214062371393
603.0 0.9998213289718062 0.9998213289718065 0.9998213289718064
604.0 0.9998212517169234 0.9998212517169232 0.9998212517169234
605.0 0.9998211744724538 0.9998211744724537 0.9998211744724538
606.0 0.9998210972383623 0.9998210972383624 0.9998210972383623
607.0 0.999821020014614 0.9998210200146137 0.9998210200146136
608.0 0.9998209428011728 0.9998209428011732 0.9998209428011731
609.0 0.9998208655980054 0.9998208655980053 0.9998208655980054
610.0 0.9998207884050765 0.9998207884050766 0.9998207884050767
611.0 0.9998207112223527 0.9998207112223525 0.9998207112223525
612.0 0.9998206340497998 0.9998206340497995 0.9998206340497996
613.0 0.9998205568873842 0.9998205568873844 0.9998205568873845
614.0 0.9998204797350739 0.9998204797350739 0.9998204797350739
615.0 0.999820402592835 0.9998204025928351 0.9998204025928352
616.0 0.9998203254606357 0.9998203254606358 0.9998203254606355
617.0 0.9998202483384436 0.9998202483384434 0.9998202483384434
618.0 0.9998201712262266 0.9998201712262267 0.9998201712262266
619.0 0.9998200941239537 0.9998200941239533 0.9998200941239535
620.0 0.9998200170315922 0.9998200170315925 0.9998200170315926
621.0 0.9998199399491129 0.9998199399491128 0.9998199399491129
622.0 0.9998198628764836 0.9998198628764837 0.9998198628764836
623.0 0.9998197858136748 0.9998197858136748 0.9998197858136748
624.0 0.9998197087606555 0.9998197087606556 0.9998197087606555
625.0 0.9998196317173963 0.9998196317173964 0.9998196317173963
626.0 0.9998195546838675 0.9998195546838673 0.9998195546838675
627.0 0.9998194776600393 0.9998194776600394 0.9998194776600391
628.0 0.9998194006458826 0.9998194006458825 0.9998194006458827
629.0 0.9998193236413688 0.9998193236413688 0.9998193236413688
630.0 0.9998192466464695 0.9998192466464693 0.9998192466464693
631.0 0.9998191696611554 0.9998191696611554 0.9998191696611555
632.0 0.9998190926853994 0.9998190926853993 0.9998190926853994
633.0 0.999819015719173 0.9998190157191729 0.9998190157191728
634.0 0.9998189387624484 0.9998189387624483 0.9998189387624484
635.0 0.9998188618151987 0.9998188618151989 0.9998188618151987
636.0 0.9998187848773967 0.999818784877397 0.999818784877397
637.0 0.9998187079490154 0.9998187079490157 0.9998187079490154
638.0 0.9998186310300278 0.999818631030028 0.9998186310300282
639.0 0.9998185541204084 0.9998185541204082 0.9998185541204084
640.0 0.9998184772201298 0.9998184772201294 0.9998184772201294
641.0 0.9998184003291658 0.9998184003291664 0.9998184003291662
642.0 0.9998183234474923 0.9998183234474924 0.9998183234474921
643.0 0.9998182465750822 0.9998182465750824 0.9998182465750822
644.0 0.9998181697119115 0.9998181697119111 0.9998181697119111
645.0 0.9998180928579534 0.9998180928579534 0.9998180928579534
646.0 0.9998180160131843 0.9998180160131844 0.9998180160131843
647.0 0.9998179391775791 0.999817939177579 0.9998179391775791
648.0 0.9998178623511134 0.9998178623511135 0.9998178623511134
649.0 0.999817785533763 0.9998177855337629 0.9998177855337628
650.0 0.9998177087255034 0.9998177087255034 0.9998177087255034
651.0 0.9998176319263111 0.9998176319263112 0.9998176319263113
652.0 0.9998175551361629 0.9998175551361628 0.9998175551361629
653.0 0.9998174783550342 0.9998174783550344 0.9998174783550342
654.0 0.9998174015829032 0.9998174015829026 0.9998174015829028
655.0 0.9998173248197452 0.9998173248197451 0.9998173248197451
656.0 0.9998172480655384 0.9998172480655383 0.9998172480655384
657.0 0.99981717132026 0.9998171713202599 0.9998171713202597
658.0 0.9998170945838871 0.9998170945838872 0.9998170945838871
659.0 0.9998170178563981 0.999817017856398 0.9998170178563979
660.0 0.9998169411377699 0.9998169411377701 0.9998169411377701
661.0 0.9998168644279817 0.9998168644279819 0.9998168644279817
662.0 0.999816787727011 0.9998167877270111 0.999816787727011
663.0 0.9998167110348365 0.9998167110348364 0.9998167110348363
664.0 0.9998166343514365 0.9998166343514368 0.9998166343514363
665.0 0.99981655767679 0.9998165576767902 0.99981655767679
666.0 0.9998164810108761 0.9998164810108761 0.9998164810108761
667.0 0.999816404353674 0.9998164043536739 0.999816404353674
668.0 0.9998163277051625 0.9998163277051625 0.9998163277051623
669.0 0.9998162510653211 0.999816251065321 0.9998162510653211
670.0 0.9998161744341297 0.9998161744341298 0.99981617443413
671.0 0.9998160978115682 0.9998160978115684 0.9998160978115682
672.0 0.9998160211976164 0.9998160211976167 0.9998160211976166
673.0 0.9998159445922548 0.999815944592255 0.999815944592255
674.0 0.9998158679954633 0.9998158679954631 0.9998158679954631
675.0 0.9998157914072221 0.999815791407222 0.9998157914072219
676.0 0.9998157148275119 0.999815714827512 0.9998157148275122
677.0 0.999815638256314 0.999815638256314 0.999815638256314
678.0 0.9998155616936089 0.9998155616936086 0.9998155616936086
679.0 0.9998154851393775 0.9998154851393775 0.9998154851393775
680.0 0.9998154085936013 0.9998154085936013 0.9998154085936013
681.0 0.9998153320562618 0.9998153320562615 0.9998153320562616
682.0 0.99981525552734 0.99981525552734 0.99981525552734
683.0 0.9998151790068182 0.9998151790068179 0.9998151790068182
684.0 0.9998151024946773 0.9998151024946774 0.9998151024946775
685.0 0.9998150259909002 0.9998150259909 0.9998150259909002
686.0 0.9998149494954688 0.9998149494954683 0.9998149494954683
687.0 0.9998148730083644 0.9998148730083645 0.9998148730083645
688.0 0.9998147965295706 0.9998147965295704 0.9998147965295705
689.0 0.999814720059069 0.9998147200590691 0.9998147200590688
690.0 0.999814643596843 0.999814643596843 0.999814643596843
691.0 0.9998145671428748 0.9998145671428748 0.999814567142875
692.0 0.9998144906971476 0.9998144906971475 0.9998144906971473
693.0 0.9998144142596442 0.9998144142596443 0.9998144142596442
694.0 0.999814337830348 0.9998143378303479 0.9998143378303479
695.0 0.9998142614092422 0.9998142614092421 0.999814261409242
696.0 0.9998141849963104 0.9998141849963103 0.9998141849963104
697.0 0.9998141085915356 0.9998141085915357 0.9998141085915356
698.0 0.9998140321949022 0.9998140321949022 0.9998140321949024
699.0 0.9998139558063939 0.9998139558063934 0.9998139558063937
700.0 0.999813879425994 0.9998138794259939 0.9998138794259938
701.0 0.999813803053687 0.9998138030536868 0.999813803053687
702.0 0.9998137266894568 0.9998137266894569 0.999813726689457
703.0 0.9998136503332885 0.9998136503332885 0.9998136503332885
704.0 0.9998135739851658 0.9998135739851655 0.9998135739851658
705.0 0.9998134976450733 0.9998134976450732 0.9998134976450729
706.0 0.9998134213129956 0.9998134213129957 0.9998134213129956
707.0 0.9998133449889178 0.9998133449889178 0.9998133449889178
708.0 0.9998132686728246 0.9998132686728244 0.9998132686728244
709.0 0.9998131923647006 0.9998131923647008 0.9998131923647008
710.0 0.9998131160645316 0.9998131160645316 0.9998131160645316
711.0 0.9998130397723024 0.9998130397723026 0.9998130397723026
712.0 0.9998129634879985 0.9998129634879985 0.9998129634879985
713.0 0.9998128872116053 0.9998128872116052 0.9998128872116051
714.0 0.9998128109431078 0.9998128109431079 0.9998128109431078
715.0 0.9998127346824928 0.9998127346824924 0.9998127346824925
716.0 0.9998126584297446 0.9998126584297445 0.9998126584297446
717.0 0.9998125821848503 0.9998125821848501 0.99981258218485
718.0 0.9998125059477952 0.9998125059477951 0.999812505947795
719.0 0.9998124297185655 0.9998124297185655 0.9998124297185653
720.0 0.9998123534971475 0.9998123534971474 0.9998123534971475
721.0 0.9998122772835271 0.9998122772835272 0.9998122772835271
722.0 0.9998122010776914 0.9998122010776913 0.9998122010776914
723.0 0.999812124879626 0.9998121248796259 0.999812124879626
724.0 0.999812048689318 0.9998120486893181 0.999812048689318
725.0 0.9998119725067535 0.9998119725067538 0.9998119725067539
726.0 0.9998118963319202 0.9998118963319204 0.9998118963319202
727.0 0.9998118201648043 0.9998118201648043 0.9998118201648043
728.0 0.999811744005393 0.9998117440053929 0.9998117440053927
729.0 0.9998116678536725 0.9998116678536727 0.9998116678536729
730.0 0.9998115917096314 0.9998115917096315 0.9998115917096314
731.0 0.9998115155732558 0.9998115155732558 0.9998115155732559
732.0 0.9998114394445334 0.9998114394445332 0.9998114394445334
733.0 0.9998113633234514 0.9998113633234514 0.9998113633234514
734.0 0.9998112872099976 0.9998112872099976 0.9998112872099976
735.0 0.9998112111041594 0.9998112111041593 0.9998112111041592
736.0 0.9998111350059242 0.9998111350059242 0.9998111350059242
737.0 0.9998110589152803 0.9998110589152804 0.9998110589152804
738.0 0.9998109828322155 0.9998109828322153 0.9998109828322151
739.0 0.9998109067567168 0.999810906756717 0.999810906756717
740.0 0.9998108306887735 0.9998108306887734 0.9998108306887735
741.0 0.9998107546283729 0.9998107546283728 0.9998107546283728
742.0 0.9998106785755035 0.9998106785755037 0.9998106785755035
743.0 0.9998106025301533 0.9998106025301532 0.9998106025301531
744.0 0.9998105264923104 0.9998105264923106 0.9998105264923106
745.0 0.9998104504619639 0.999810450461964 0.9998104504619639
746.0 0.9998103744391021 0.9998103744391019 0.9998103744391019
747.0 0.9998102984237132 0.9998102984237132 0.9998102984237132
748.0 0.9998102224157864 0.9998102224157863 0.9998102224157862
749.0 0.9998101464153096 0.9998101464153097 0.9998101464153099
750.0 0.9998100704222725 0.9998100704222725 0.9998100704222728
751.0 0.9998099944366634 0.9998099944366637 0.9998099944366636
752.0 0.9998099184584718 0.9998099184584719 0.9998099184584718
753.0 0.9998098424876863 0.9998098424876862 0.9998098424876863
754.0 0.9998097665242961 0.9998097665242959 0.9998097665242959
755.0 0.9998096905682902 0.9998096905682903 0.9998096905682902
756.0 0.9998096146196583 0.9998096146196582 0.9998096146196581
757.0 0.9998095386783893 0.9998095386783892 0.9998095386783893
758.0 0.9998094627444728 0.9998094627444728 0.9998094627444728
759.0 0.9998093868178983 0.9998093868178981 0.9998093868178983
760.0 0.9998093108986552 0.9998093108986552 0.9998093108986552
761.0 0.9998092349867331 0.9998092349867331 0.9998092349867331
762.0 0.9998091590821221 0.9998091590821219 0.9998091590821221
763.0 0.9998090831848112 0.9998090831848112 0.9998090831848112
764.0 0.9998090072947908 0.9998090072947907 0.9998090072947906
765.0 0.9998089314120505 0.9998089314120504 0.9998089314120505
766.0 0.9998088555365807 0.9998088555365805 0.9998088555365805
767.0 0.9998087796683707 0.9998087796683706 0.9998087796683705
768.0 0.9998087038074109 0.9998087038074108 0.9998087038074112
769.0 0.9998086279536914 0.9998086279536916 0.9998086279536916
770.0 0.9998085521072029 0.999808552107203 0.9998085521072031
771.0 0.999808476267935 0.9998084762679351 0.9998084762679352
772.0 0.9998084004358785 0.9998084004358783 0.9998084004358783
773.0 0.9998083246110233 0.9998083246110232 0.9998083246110231
774.0 0.9998082487933602 0.9998082487933599 0.9998082487933602
775.0 0.9998081729828795 0.9998081729828794 0.9998081729828795
776.0 0.999808097179572 0.9998080971795721 0.9998080971795722
777.0 0.9998080213834286 0.9998080213834286 0.9998080213834286
778.0 0.9998079455944393 0.9998079455944393 0.9998079455944393
779.0 0.9998078698125951 0.9998078698125952 0.9998078698125953
780.0 0.9998077940378872 0.9998077940378873 0.9998077940378874
781.0 0.9998077182703062 0.9998077182703063 0.9998077182703065
782.0 0.9998076425098431 0.9998076425098432 0.9998076425098431
783.0 0.9998075667564889 0.9998075667564887 0.9998075667564889
784.0 0.9998074910102341 0.9998074910102341 0.9998074910102344
785.0 0.9998074152710709 0.9998074152710706 0.9998074152710709
786.0 0.9998073395389896 0.9998073395389894 0.9998073395389894
787.0 0.9998072638139812 0.9998072638139814 0.9998072638139812
788.0 0.9998071880960377 0.9998071880960377 0.9998071880960377
789.0 0.9998071123851506 0.9998071123851503 0.9998071123851506
790.0 0.9998070366813102 0.9998070366813103 0.9998070366813102
791.0 0.9998069609845088 0.9998069609845089 0.999806960984509
792.0 0.9998068852947379 0.9998068852947377 0.9998068852947378
793.0 0.9998068096119881 0.9998068096119883 0.9998068096119879
794.0 0.9998067339362522 0.9998067339362524 0.9998067339362522
795.0 0.9998066582675211 0.9998066582675209 0.9998066582675209
796.0 0.9998065826057866 0.9998065826057866 0.9998065826057866
797.0 0.9998065069510407 0.9998065069510407 0.9998065069510407
798.0 0.9998064313032748 0.9998064313032747 0.9998064313032748
799.0 0.999806355662481 0.999806355662481 0.999806355662481
800.0 0.9998062800286514 0.9998062800286512 0.9998062800286514
801.0 0.9998062044017773 0.9998062044017773 0.9998062044017773
802.0 0.9998061287818513 0.9998061287818509 0.9998061287818509
803.0 0.9998060531688647 0.9998060531688646 0.9998060531688647
804.0 0.9998059775628104 0.9998059775628105 0.9998059775628104
805.0 0.9998059019636805 0.9998059019636804 0.9998059019636802
806.0 0.9998058263714663 0.9998058263714665 0.9998058263714663
807.0 0.9998057507861606 0.9998057507861611 0.9998057507861611
808.0 0.9998056752077563 0.9998056752077562 0.9998056752077561
809.0 0.9998055996362444 0.9998055996362447 0.9998055996362446
810.0 0.9998055240716183 0.9998055240716184 0.9998055240716185
811.0 0.9998054485138701 0.9998054485138701 0.9998054485138701
812.0 0.9998053729629921 0.999805372962992 0.9998053729629919
813.0 0.9998052974189766 0.9998052974189768 0.9998052974189768
814.0 0.9998052218818168 0.9998052218818169 0.9998052218818168
815.0 0.9998051463515047 0.9998051463515049 0.9998051463515047
816.0 0.9998050708280333 0.9998050708280334 0.9998050708280333
817.0 0.999804995311395 0.9998049953113948 0.9998049953113948
818.0 0.9998049198015827 0.9998049198015826 0.9998049198015827
819.0 0.9998048442985887 0.9998048442985888 0.9998048442985887
820.0 0.9998047688024064 0.9998047688024064 0.9998047688024064
821.0 0.9998046933130282 0.9998046933130282 0.9998046933130285
822.0 0.9998046178304476 0.9998046178304474 0.9998046178304472
823.0 0.9998045423546567 0.9998045423546565 0.9998045423546564
824.0 0.9998044668856486 0.9998044668856487 0.9998044668856486
825.0 0.9998043914234167 0.9998043914234169 0.9998043914234169
826.0 0.999804315967954 0.9998043159679539 0.999804315967954
827.0 0.9998042405192535 0.9998042405192535 0.9998042405192533
828.0 0.9998041650773081 0.999804165077308 0.999804165077308
829.0 0.9998040896421109 0.9998040896421109 0.9998040896421111
830.0 0.9998040142136553 0.9998040142136555 0.9998040142136555
831.0 0.9998039387919347 0.9998039387919349 0.9998039387919347
832.0 0.9998038633769423 0.9998038633769423 0.999803863376942
833.0 0.9998037879686709 0.9998037879686709 0.9998037879686711
834.0 0.9998037125671148 0.9998037125671145 0.9998037125671145
835.0 0.9998036371722664 0.9998036371722662 0.9998036371722664
836.0 0.9998035617841192 0.9998035617841192 0.9998035617841192
837.0 0.9998034864026676 0.9998034864026675 0.9998034864026674
838.0 0.9998034110279043 0.999803411027904 0.9998034110279038
839.0 0.9998033356598224 0.9998033356598226 0.9998033356598226
840.0 0.9998032602984167 0.9998032602984166 0.9998032602984167
841.0 0.9998031849436799 0.9998031849436799 0.9998031849436797
842.0 0.9998031095956059 0.9998031095956057 0.9998031095956057
843.0 0.9998030342541883 0.999803034254188 0.9998030342541883
844.0 0.9998029589194207 0.9998029589194204 0.9998029589194207
845.0 0.9998028835912971 0.9998028835912967 0.9998028835912969
846.0 0.9998028082698108 0.9998028082698107 0.9998028082698108
847.0 0.9998027329549561 0.9998027329549559 0.9998027329549561
848.0 0.9998026576467267 0.9998026576467266 0.9998026576467267
849.0 0.9998025823451164 0.9998025823451163 0.9998025823451164
850.0 0.9998025070501191 0.9998025070501189 0.9998025070501189
851.0 0.9998024317617283 0.9998024317617284 0.9998024317617283
852.0 0.9998023564799388 0.9998023564799388 0.9998023564799388
853.0 0.999802281204744 0.9998022812047442 0.9998022812047442
854.0 0.9998022059361384 0.9998022059361383 0.9998022059361384
855.0 0.9998021306741154 0.9998021306741154 0.9998021306741153
856.0 0.9998020554186696 0.9998020554186697 0.9998020554186698
857.0 0.9998019801697952 0.9998019801697949 0.9998019801697952
858.0 0.9998019049274858 0.9998019049274858 0.9998019049274858
859.0 0.9998018296917359 0.9998018296917359 0.9998018296917357
860.0 0.9998017544625396 0.9998017544625397 0.9998017544625396
861.0 0.9998016792398915 0.9998016792398916 0.9998016792398915
862.0 0.9998016040237853 0.9998016040237854 0.9998016040237855
863.0 0.9998015288142161 0.9998015288142159 0.9998015288142159
864.0 0.9998014536111772 0.9998014536111772 0.9998014536111772
865.0 0.9998013784146634 0.9998013784146638 0.9998013784146637
866.0 0.9998013032246695 0.9998013032246695 0.99980130322467
867.0 0.9998012280411898 0.9998012280411899 0.9998012280411896
868.0 0.9998011528642182 0.9998011528642181 0.9998011528642182
869.0 0.9998010776937495 0.9998010776937494 0.9998010776937495
870.0 0.9998010025297782 0.9998010025297783 0.9998010025297782
871.0 0.9998009273722989 0.9998009273722989 0.9998009273722989
872.0 0.9998008522213058 0.9998008522213057 0.9998008522213058
873.0 0.9998007770767939 0.999800777076794 0.9998007770767939
874.0 0.999800701938758 0.9998007019387577 0.9998007019387578
875.0 0.9998006268071917 0.999800626807192 0.9998006268071917
876.0 0.9998005516820907 0.9998005516820911 0.9998005516820909
877.0 0.9998004765634498 0.9998004765634496 0.9998004765634494
878.0 0.9998004014512625 0.9998004014512625 0.9998004014512626
879.0 0.9998003263455247 0.9998003263455246 0.9998003263455245
880.0 0.9998002512462304 0.9998002512462305 0.9998002512462306
881.0 0.9998001761533752 0.9998001761533752 0.999800176153375
882.0 0.9998001010669532 0.999800101066953 0.999800101066953
883.0 0.9998000259869596 0.9998000259869595 0.9998000259869594
884.0 0.9997999509133889 0.999799950913389 0.9997999509133891
885.0 0.9997998758462366 0.9997998758462365 0.9997998758462364
886.0 0.999799800785497 0.9997998007854971 0.999799800785497
887.0 0.9997997257311654 0.9997997257311655 0.9997997257311656
888.0 0.9997996506832372 0.9997996506832366 0.9997996506832365
889.0 0.999799575641706 0.9997995756417061 0.999799575641706
890.0 0.999799500606568 0.999799500606568 0.999799500606568
891.0 0.9997994255778179 0.999799425577818 0.9997994255778179
892.0 0.9997993505554509 0.9997993505554508 0.9997993505554507
893.0 0.9997992755394619 0.9997992755394619 0.9997992755394617
894.0 0.9997992005298459 0.9997992005298459 0.9997992005298462
895.0 0.9997991255265983 0.9997991255265986 0.9997991255265983
896.0 0.9997990505297144 0.9997990505297144 0.9997990505297142
897.0 0.9997989755391887 0.9997989755391886 0.9997989755391887
898.0 0.9997989005550172 0.999798900555017 0.9997989005550172
899.0 0.9997988255771946 0.9997988255771945 0.9997988255771941
900.0 0.999798750605716 0.9997987506057161 0.9997987506057162
901.0 0.999798675640577 0.9997986756405771 0.9997986756405772
902.0 0.9997986006817733 0.999798600681773 0.9997986006817731
903.0 0.9997985257292994 0.9997985257292992 0.9997985257292992
904.0 0.9997984507831507 0.9997984507831507 0.9997984507831507
905.0 0.9997983758433231 0.9997983758433231 0.9997983758433231
906.0 0.9997983009098118 0.9997983009098117 0.9997983009098118
907.0 0.9997982259826118 0.9997982259826117 0.9997982259826116
908.0 0.9997981510617185 0.9997981510617189 0.9997981510617188
909.0 0.9997980761471285 0.9997980761471285 0.9997980761471285
910.0 0.999798001238836 0.9997980012388359 0.9997980012388358
911.0 0.9997979263368367 0.9997979263368366 0.9997979263368367
912.0 0.999797851441126 0.9997978514411264 0.9997978514411261
913.0 0.9997977765517001 0.9997977765517001 0.9997977765517003
914.0 0.999797701668554 0.999797701668554 0.9997977016685542
915.0 0.9997976267916834 0.9997976267916834 0.9997976267916834
916.0 0.9997975519210837 0.9997975519210838 0.9997975519210837
917.0 0.9997974770567509 0.9997974770567506 0.9997974770567507
918.0 0.9997974021986801 0.99979740219868 0.9997974021986801
919.0 0.999797327346867 0.999797327346867 0.999797327346867
920.0 0.9997972525013077 0.9997972525013076 0.9997972525013077
921.0 0.9997971776619975 0.9997971776619974 0.9997971776619976
922.0 0.9997971028289319 0.9997971028289322 0.9997971028289323
923.0 0.9997970280021072 0.9997970280021075 0.9997970280021075
924.0 0.9997969531815188 0.999796953181519 0.9997969531815188
925.0 0.9997968783671628 0.9997968783671626 0.9997968783671626
926.0 0.999796803559034 0.9997968035590341 0.999796803559034
927.0 0.9997967287571294 0.9997967287571292 0.9997967287571292
928.0 0.9997966539614438 0.9997966539614438 0.9997966539614436
929.0 0.9997965791719734 0.9997965791719734 0.9997965791719736
930.0 0.9997965043887146 0.9997965043887144 0.9997965043887146
931.0 0.9997964296116622 0.9997964296116623 0.9997964296116619
932.0 0.9997963548408129 0.9997963548408128 0.9997963548408129
933.0 0.9997962800761623 0.999796280076162 0.9997962800761621
934.0 0.9997962053177057 0.9997962053177059 0.9997962053177057
935.0 0.9997961305654401 0.99979613056544 0.9997961305654401
936.0 0.9997960558193612 0.999796055819361 0.9997960558193609
937.0 0.9997959810794639 0.9997959810794643 0.9997959810794643
938.0 0.9997959063457458 0.9997959063457458 0.999795906345746
939.0 0.999795831618202 0.9997958316182018 0.9997958316182017
940.0 0.9997957568968283 0.9997957568968283 0.9997957568968281
941.0 0.9997956821816208 0.999795682181621 0.9997956821816208
942.0 0.9997956074725762 0.9997956074725762 0.9997956074725765
943.0 0.9997955327696901 0.9997955327696901 0.9997955327696899
944.0 0.9997954580729586 0.9997954580729584 0.9997954580729584
945.0 0.9997953833823774 0.9997953833823774 0.9997953833823774
946.0 0.9997953086979432 0.9997953086979432 0.999795308697943
947.0 0.9997952340196519 0.9997952340196519 0.9997952340196519
948.0 0.9997951593474995 0.9997951593474996 0.9997951593474995
949.0 0.9997950846814826 0.9997950846814826 0.9997950846814828
950.0 0.9997950100215971 0.9997950100215969 0.9997950100215971
951.0 0.9997949353678387 0.9997949353678385 0.9997949353678387
952.0 0.9997948607202043 0.9997948607202043 0.9997948607202043
953.0 0.9997947860786895 0.9997947860786898 0.9997947860786895
954.0 0.9997947114432912 0.9997947114432914 0.9997947114432915
955.0 0.9997946368140053 0.9997946368140054 0.999794636814005
956.0 0.9997945621908283 0.9997945621908282 0.9997945621908281
957.0 0.9997944875737559 0.9997944875737558 0.9997944875737559
958.0 0.9997944129627848 0.9997944129627847 0.9997944129627848
959.0 0.9997943383579113 0.9997943383579113 0.9997943383579113
960.0 0.9997942637591315 0.9997942637591315 0.9997942637591317
961.0 0.9997941891664419 0.9997941891664419 0.9997941891664419
962.0 0.9997941145798391 0.999794114579839 0.9997941145798391
963.0 0.999794039999319 0.9997940399993189 0.999794039999319
964.0 0.9997939654248782 0.9997939654248782 0.9997939654248782
965.0 0.999793890856513 0.999793890856513 0.9997938908565128
966.0 0.9997938162942198 0.9997938162942197 0.9997938162942198
967.0 0.9997937417379952 0.9997937417379952 0.9997937417379952
968.0 0.9997936671878352 0.9997936671878354 0.9997936671878355
969.0 0.9997935926437369 0.9997935926437369 0.9997935926437367
970.0 0.9997935181056962 0.9997935181056962 0.9997935181056962
971.0 0.9997934435737098 0.9997934435737097 0.9997934435737098
972.0 0.999793369047774 0.999793369047774 0.999793369047774
973.0 0.9997932945278853 0.9997932945278856 0.9997932945278858
974.0 0.9997932200140407 0.9997932200140408 0.9997932200140407
975.0 0.9997931455062365 0.9997931455062363 0.9997931455062365
976.0 0.9997930710044689 0.9997930710044687 0.9997930710044687
977.0 0.9997929965087342 0.9997929965087343 0.9997929965087342
978.0 0.9997929220190298 0.9997929220190298 0.9997929220190298
979.0 0.9997928475353519 0.9997928475353519 0.9997928475353519
980.0 0.9997927730576972 0.9997927730576969 0.9997927730576968
981.0 0.9997926985860617 0.9997926985860617 0.9997926985860615
982.0 0.9997926241204426 0.9997926241204427 0.9997926241204428
983.0 0.9997925496608363 0.9997925496608364 0.9997925496608365
984.0 0.9997924752072397 0.9997924752072398 0.9997924752072399
985.0 0.9997924007596493 0.9997924007596493 0.9997924007596494
986.0 0.9997923263180616 0.9997923263180617 0.9997923263180618
987.0 0.9997922518824737 0.9997922518824737 0.9997922518824737
988.0 0.9997921774528815 0.9997921774528815 0.9997921774528815
989.0 0.9997921030292823 0.9997921030292826 0.9997921030292826
990.0 0.9997920286116729 0.9997920286116732 0.9997920286116729
991.0 0.9997919542000498 0.9997919542000497 0.9997919542000498
992.0 0.9997918797944096 0.9997918797944095 0.9997918797944094
993.0 0.9997918053947492 0.999791805394749 0.999791805394749
994.0 0.9997917310010652 0.9997917310010651 0.999791731001065
995.0 0.9997916566133546 0.9997916566133545 0.9997916566133543
996.0 0.9997915822316139 0.9997915822316139 0.9997915822316137
997.0 0.99979150785584 0.99979150785584 0.99979150785584
998.0 0.99979143348603 0.9997914334860298 0.9997914334860302
999.0 0.9997913591221802 0.9997913591221802 0.9997913591221802
1000.0 0.9997912847642878 0.9997912847642878 0.9997912847642878
1001.0 0.9997912104123499 0.9997912104123495 0.9997912104123492
1002.0 0.9997911360663619 0.999791136066362 0.9997911360663619
1003.0 0.9997910617263225 0.9997910617263224 0.9997910617263224
1004.0 0.9997909873922276 0.9997909873922275 0.9997909873922274
1005.0 0.999790913064074 0.9997909130640741 0.999790913064074
1006.0 0.9997908387418593 0.999790838741859 0.999790838741859
1007.0 0.9997907644255793 0.9997907644255793 0.9997907644255791
1008.0 0.9997906901152318 0.9997906901152318 0.9997906901152316
1009.0 0.9997906158108136 0.9997906158108134 0.9997906158108136
1010.0 0.9997905415123212 0.9997905415123212 0.9997905415123214
1011.0 0.9997904672197518 0.9997904672197517 0.9997904672197516
1012.0 0.9997903929331027 0.9997903929331025 0.9997903929331022
1013.0 0.9997903186523699 0.9997903186523699 0.9997903186523699
1014.0 0.9997902443775513 0.9997902443775513 0.999790244377551
1015.0 0.9997901701086435 0.9997901701086432 0.9997901701086435
1016.0 0.9997900958456432 0.9997900958456434 0.9997900958456434
1017.0 0.999790021588548 0.9997900215885481 0.999790021588548
1018.0 0.9997899473373548 0.9997899473373548 0.9997899473373546
1019.0 0.9997898730920601 0.9997898730920602 0.9997898730920601
1020.0 0.9997897988526615 0.9997897988526616 0.9997897988526615
1021.0 0.9997897246191558 0.9997897246191557 0.9997897246191556
1022.0 0.99978965039154 0.99978965039154 0.9997896503915401
1023.0 0.9997895761698112 0.9997895761698112 0.999789576169811
1024.0 0.9997895019539664 0.9997895019539663 0.9997895019539662
1025.0 0.9997894277440026 0.9997894277440028 0.9997894277440028
1026.0 0.9997893535399176 0.9997893535399174 0.9997893535399174
1027.0 0.9997892793417074 0.9997892793417074 0.9997892793417074
1028.0 0.9997892051493695 0.9997892051493698 0.9997892051493695
1029.0 0.9997891309629013 0.9997891309629016 0.9997891309629013
1030.0 0.9997890567822999 0.9997890567823001 0.9997890567822999
1031.0 0.9997889826075623 0.9997889826075623 0.9997889826075623
1032.0 0.9997889084386854 0.9997889084386854 0.9997889084386854
1033.0 0.9997888342756666 0.9997888342756667 0.9997888342756666
1034.0 0.9997887601185033 0.9997887601185032 0.999788760118503
1035.0 0.999788685967192 0.999788685967192 0.999788685967192
1036.0 0.9997886118217302 0.9997886118217304 0.9997886118217304
1037.0 0.9997885376821154 0.9997885376821154 0.9997885376821154
1038.0 0.9997884635483445 0.9997884635483443 0.9997884635483445
1039.0 0.9997883894204145 0.9997883894204147 0.9997883894204145
1040.0 0.9997883152983227 0.9997883152983231 0.9997883152983229
1041.0 0.9997882411820672 0.9997882411820669 0.999788241182067
1042.0 0.9997881670716438 0.9997881670716438 0.9997881670716438
1043.0 0.9997880929670508 0.9997880929670506 0.9997880929670508
1044.0 0.9997880188682847 0.9997880188682846 0.9997880188682845
1045.0 0.9997879447753432 0.9997879447753433 0.9997879447753434
1046.0 0.9997878706882234 0.9997878706882236 0.9997878706882236
1047.0 0.9997877966069227 0.9997877966069227 0.9997877966069227
1048.0 0.9997877225314384 0.9997877225314383 0.9997877225314382
1049.0 0.9997876484617675 0.9997876484617674 0.9997876484617675
1050.0 0.9997875743979076 0.9997875743979074 0.9997875743979073
1051.0 0.9997875003398555 0.9997875003398556 0.9997875003398555
1052.0 0.999787426287609 0.9997874262876093 0.9997874262876094
1053.0 0.9997873522411658 0.9997873522411656 0.9997873522411656
1054.0 0.999787278200522 0.9997872782005222 0.999787278200522
1055.0 0.9997872041656759 0.999787204165676 0.9997872041656759
1056.0 0.9997871301366247 0.9997871301366248 0.9997871301366247
1057.0 0.9997870561133655 0.9997870561133656 0.9997870561133657
1058.0 0.999786982095896 0.9997869820958959 0.9997869820958958
1059.0 0.999786908084213 0.999786908084213 0.999786908084213
1060.0 0.9997868340783145 0.9997868340783145 0.9997868340783143
1061.0 0.9997867600781974 0.9997867600781973 0.9997867600781974
1062.0 0.9997866860838589 0.9997866860838591 0.9997866860838591
1063.0 0.9997866120952973 0.9997866120952973 0.9997866120952973
1064.0 0.9997865381125094 0.9997865381125093 0.9997865381125094
1065.0 0.9997864641354922 0.9997864641354925 0.9997864641354922
1066.0 0.9997863901642441 0.9997863901642442 0.9997863901642439
1067.0 0.9997863161987617 0.9997863161987617 0.9997863161987617
1068.0 0.9997862422390429 0.9997862422390428 0.9997862422390427
1069.0 0.9997861682850846 0.9997861682850847 0.9997861682850848
1070.0 0.9997860943368849 0.9997860943368848 0.9997860943368845
1071.0 0.9997860203944404 0.9997860203944406 0.9997860203944406
1072.0 0.9997859464577499 0.9997859464577499 0.9997859464577497
1073.0 0.9997858725268097 0.9997858725268095 0.9997858725268096
1074.0 0.9997857986016174 0.9997857986016174 0.9997857986016174
1075.0 0.9997857246821711 0.9997857246821709 0.9997857246821706
1076.0 0.9997856507684675 0.9997856507684676 0.9997856507684673
1077.0 0.9997855768605047 0.9997855768605046 0.9997855768605048
1078.0 0.9997855029582797 0.9997855029582797 0.9997855029582797
1079.0 0.9997854290617906 0.9997854290617906 0.9997854290617904
1080.0 0.9997853551710345 0.9997853551710344 0.9997853551710345
1081.0 0.9997852812860091 0.999785281286009 0.9997852812860091
1082.0 0.9997852074067115 0.9997852074067113 0.9997852074067115
1083.0 0.9997851335331399 0.9997851335331397 0.9997851335331397
1084.0 0.9997850596652911 0.9997850596652911 0.9997850596652913
1085.0 0.9997849858031633 0.9997849858031634 0.9997849858031631
1086.0 0.999784911946754 0.9997849119467539 0.999784911946754
1087.0 0.9997848380960601 0.9997848380960603 0.9997848380960603
1088.0 0.9997847642510798 0.99978476425108 0.9997847642510798
1089.0 0.9997846904118106 0.9997846904118107 0.9997846904118104
1090.0 0.9997846165782499 0.9997846165782498 0.9997846165782499
1091.0 0.9997845427503953 0.9997845427503953 0.9997845427503952
1092.0 0.9997844689282444 0.9997844689282445 0.9997844689282444
1093.0 0.999784395111795 0.999784395111795 0.999784395111795
1094.0 0.9997843213010443 0.9997843213010442 0.9997843213010443
1095.0 0.9997842474959902 0.9997842474959902 0.9997842474959902
1096.0 0.9997841736966301 0.9997841736966302 0.9997841736966303
1097.0 0.9997840999029618 0.9997840999029619 0.9997840999029619
1098.0 0.9997840261149834 0.9997840261149832 0.9997840261149832
1099.0 0.9997839523326915 0.9997839523326915 0.9997839523326912
1100.0 0.9997838785560843 0.9997838785560843 0.9997838785560843
1101.0 0.9997838047851594 0.9997838047851594 0.9997838047851596
1102.0 0.9997837310199148 0.9997837310199147 0.9997837310199146
1103.0 0.9997836572603473 0.9997836572603473 0.9997836572603471
1104.0 0.9997835835064551 0.9997835835064554 0.9997835835064551
1105.0 0.9997835097582364 0.9997835097582362 0.9997835097582364
1106.0 0.9997834360156879 0.9997834360156878 0.9997834360156876
1107.0 0.9997833622788078 0.9997833622788077 0.9997833622788078
1108.0 0.9997832885475938 0.9997832885475935 0.9997832885475936
1109.0 0.9997832148220431 0.999783214822043 0.9997832148220429
1110.0 0.9997831411021536 0.9997831411021537 0.9997831411021536
1111.0 0.9997830673879236 0.9997830673879236 0.9997830673879236
1112.0 0.9997829936793501 0.9997829936793503 0.9997829936793503
1113.0 0.9997829199764315 0.9997829199764314 0.9997829199764315
1114.0 0.999782846279165 0.9997828462791648 0.9997828462791646
1115.0 0.9997827725875481 0.999782772587548 0.9997827725875481
1116.0 0.999782698901579 0.9997826989015789 0.9997826989015788
1117.0 0.9997826252212553 0.9997826252212554 0.9997826252212553
1118.0 0.9997825515465745 0.9997825515465747 0.9997825515465745
1119.0 0.9997824778775349 0.999782477877535 0.9997824778775349
1120.0 0.999782404214134 0.9997824042141339 0.9997824042141338
1121.0 0.9997823305563691 0.9997823305563691 0.9997823305563693
1122.0 0.9997822569042385 0.9997822569042386 0.9997822569042387
1123.0 0.9997821832577399 0.9997821832577403 0.9997821832577399
1124.0 0.999782109616871 0.9997821096168711 0.999782109616871
1125.0 0.9997820359816294 0.9997820359816296 0.9997820359816294
1126.0 0.9997819623520129 0.9997819623520133 0.9997819623520136
1127.0 0.9997818887280201 0.9997818887280201 0.9997818887280199
1128.0 0.9997818151096476 0.9997818151096477 0.9997818151096476
1129.0 0.999781741496894 0.9997817414968938 0.999781741496894
1130.0 0.9997816678897565 0.9997816678897564 0.9997816678897563
1131.0 0.9997815942882335 0.9997815942882334 0.9997815942882333
1132.0 0.9997815206923223 0.9997815206923225 0.9997815206923223
1133.0 0.9997814471020211 0.9997814471020212 0.9997814471020213
1134.0 0.9997813735173278 0.9997813735173277 0.9997813735173278
1135.0 0.9997812999382396 0.9997812999382397 0.9997812999382398
1136.0 0.999781226364755 0.9997812263647551 0.9997812263647552
1137.0 0.999781152796872 0.9997811527968716 0.9997811527968715
1138.0 0.9997810792345871 0.9997810792345871 0.9997810792345871
1139.0 0.9997810056778997 0.9997810056778996 0.9997810056779
1140.0 0.9997809321268066 0.9997809321268069 0.9997809321268069
1141.0 0.9997808585813065 0.9997808585813067 0.9997808585813067
1142.0 0.999780785041397 0.999780785041397 0.999780785041397
1143.0 0.9997807115070757 0.9997807115070756 0.9997807115070755
1144.0 0.9997806379783404 0.9997806379783402 0.99978063797834
1145.0 0.9997805644551894 0.9997805644551891 0.9997805644551894
1146.0 0.9997804909376199 0.9997804909376199 0.9997804909376199
1147.0 0.9997804174256308 0.9997804174256305 0.9997804174256307
1148.0 0.9997803439192192 0.9997803439192189 0.9997803439192191
1149.0 0.9997802704183831 0.9997802704183829 0.9997802704183829
1150.0 0.9997801969231204 0.9997801969231205 0.9997801969231206
1151.0 0.9997801234334295 0.9997801234334294 0.9997801234334295
1152.0 0.9997800499493076 0.9997800499493077 0.9997800499493078
1153.0 0.9997799764707533 0.9997799764707532 0.9997799764707533
1154.0 0.999779902997764 0.9997799029977639 0.999779902997764
1155.0 0.9997798295303377 0.9997798295303377 0.9997798295303375
1156.0 0.9997797560684725 0.9997797560684725 0.9997797560684726
1157.0 0.9997796826121662 0.9997796826121664 0.9997796826121662
1158.0 0.9997796091614172 0.9997796091614171 0.9997796091614172
1159.0 0.9997795357162225 0.9997795357162226 0.9997795357162225
1160.0 0.9997794622765807 0.9997794622765809 0.9997794622765809
1161.0 0.9997793888424898 0.9997793888424898 0.9997793888424898
1162.0 0.9997793154139473 0.9997793154139474 0.9997793154139475
1163.0 0.9997792419909518 0.9997792419909517 0.9997792419909518
1164.0 0.9997791685735007 0.9997791685735008 0.9997791685735005
1165.0 0.999779095161592 0.9997790951615919 0.9997790951615922
1166.0 0.9997790217552242 0.9997790217552242 0.9997790217552242
1167.0 0.9997789483543944 0.9997789483543946 0.9997789483543944
1168.0 0.9997788749591016 0.9997788749591016 0.9997788749591016
1169.0 0.9997788015693428 0.999778801569343 0.9997788015693431
1170.0 0.9997787281851168 0.9997787281851167 0.999778728185117
1171.0 0.999778654806421 0.9997786548064211 0.9997786548064213
1172.0 0.9997785814332539 0.9997785814332538 0.9997785814332539
1173.0 0.9997785080656132 0.9997785080656131 0.999778508065613
1174.0 0.9997784347034968 0.9997784347034968 0.9997784347034968
1175.0 0.9997783613469026 0.9997783613469029 0.9997783613469028
1176.0 0.9997782879958294 0.9997782879958294 0.9997782879958294
1177.0 0.9997782146502742 0.9997782146502744 0.9997782146502744
1178.0 0.9997781413102361 0.999778141310236 0.999778141310236
1179.0 0.999778067975712 0.999778067975712 0.9997780679757118
1180.0 0.9997779946467005 0.9997779946467006 0.9997779946467005
1181.0 0.9997779213231998 0.9997779213231998 0.9997779213231995
1182.0 0.9997778480052077 0.9997778480052074 0.9997778480052073
1183.0 0.9997777746927218 0.9997777746927219 0.9997777746927218
1184.0 0.9997777013857413 0.9997777013857411 0.9997777013857408
1185.0 0.9997776280842624 0.9997776280842628 0.9997776280842631
1186.0 0.9997775547882856 0.9997775547882856 0.9997775547882853
1187.0 0.9997774814978071 0.9997774814978069 0.9997774814978071
1188.0 0.9997774082128253 0.9997774082128252 0.9997774082128253
1189.0 0.9997773349333388 0.9997773349333385 0.9997773349333388
1190.0 0.999777261659345 0.999777261659345 0.9997772616593452
1191.0 0.9997771883908424 0.9997771883908425 0.9997771883908426
1192.0 0.9997771151278291 0.999777115127829 0.9997771151278289
1193.0 0.9997770418703029 0.9997770418703029 0.9997770418703031
1194.0 0.9997769686182622 0.9997769686182623 0.9997769686182622
1195.0 0.9997768953717048 0.9997768953717048 0.9997768953717048
1196.0 0.9997768221306292 0.999776822130629 0.999776822130629
1197.0 0.9997767488950329 0.9997767488950328 0.9997767488950327
1198.0 0.9997766756649139 0.9997766756649141 0.9997766756649141
1199.0 0.9997766024402716 0.9997766024402712 0.9997766024402712
1200.0 0.9997765292211024 0.9997765292211024 0.9997765292211024
1201.0 0.9997764560074055 0.9997764560074054 0.9997764560074054
1202.0 0.9997763827991785 0.9997763827991786 0.9997763827991787
1203.0 0.9997763095964203 0.9997763095964199 0.99977630959642
1204.0 0.9997762363991277 0.9997762363991277 0.9997762363991277
1205.0 0.9997761632072999 0.9997761632072999 0.9997761632072999
1206.0 0.9997760900209348 0.9997760900209347 0.9997760900209346
1207.0 0.99977601684003 0.9997760168400301 0.9997760168400303
1208.0 0.9997759436645846 0.9997759436645844 0.9997759436645841
1209.0 0.9997758704945955 0.9997758704945957 0.9997758704945957
1210.0 0.999775797330062 0.999775797330062 0.9997757973300618
1211.0 0.9997757241709814 0.9997757241709815 0.9997757241709814
1212.0 0.9997756510173524 0.9997756510173526 0.9997756510173524
1213.0 0.9997755778691729 0.9997755778691729 0.9997755778691731
1214.0 0.9997755047264412 0.9997755047264412 0.9997755047264414
1215.0 0.999775431589155 0.9997754315891552 0.999775431589155
1216.0 0.9997753584573131 0.9997753584573132 0.9997753584573131
1217.0 0.9997752853309135 0.9997752853309134 0.9997752853309133
1218.0 0.9997752122099537 0.9997752122099539 0.9997752122099537
1219.0 0.9997751390944328 0.9997751390944327 0.9997751390944328
1220.0 0.9997750659843481 0.9997750659843484 0.9997750659843485
1221.0 0.9997749928796986 0.9997749928796988 0.9997749928796988
1222.0 0.9997749197804822 0.9997749197804824 0.9997749197804824
1223.0 0.9997748466866968 0.999774846686697 0.999774846686697
1224.0 0.9997747735983408 0.999774773598341 0.9997747735983408
1225.0 0.9997747005154125 0.9997747005154126 0.9997747005154125
1226.0 0.9997746274379096 0.9997746274379098 0.9997746274379098
1227.0 0.9997745543658311 0.999774554365831 0.9997745543658308
1228.0 0.9997744812991746 0.9997744812991743 0.9997744812991741
1229.0 0.9997744082379382 0.9997744082379381 0.999774408237938
1230.0 0.9997743351821199 0.9997743351821203 0.9997743351821203
1231.0 0.9997742621317192 0.9997742621317193 0.9997742621317192
1232.0 0.9997741890867329 0.9997741890867331 0.9997741890867332
1233.0 0.9997741160471604 0.9997741160471602 0.9997741160471604
1234.0 0.9997740430129985 0.9997740430129987 0.9997740430129985
1235.0 0.9997739699842467 0.9997739699842466 0.9997739699842465
1236.0 0.9997738969609024 0.9997738969609025 0.9997738969609026
1237.0 0.9997738239429642 0.9997738239429643 0.9997738239429643
1238.0 0.9997737509304303 0.9997737509304303 0.9997737509304303
1239.0 0.9997736779232989 0.999773677923299 0.9997736779232989
1240.0 0.9997736049215682 0.9997736049215683 0.9997736049215686
1241.0 0.9997735319252367 0.9997735319252365 0.9997735319252364
1242.0 0.9997734589343019 0.9997734589343021 0.9997734589343021
1243.0 0.9997733859487631 0.999773385948763 0.9997733859487629
1244.0 0.9997733129686176 0.9997733129686175 0.9997733129686176
1245.0 0.9997732399938639 0.9997732399938641 0.9997732399938641
1246.0 0.9997731670245007 0.9997731670245007 0.9997731670245007
1247.0 0.9997730940605257 0.9997730940605257 0.9997730940605257
1248.0 0.9997730211019374 0.9997730211019376 0.9997730211019377
1249.0 0.9997729481487343 0.9997729481487342 0.9997729481487343
